8
12
95
11
93
91
60
16
31
59
52
28
1
31
8
41
51
72
29
41
92
64
56
78
53
11
94
66
33
14
59
76
28
92
75
64
28
37
87
12
7
53
23
32
82
48
25
87
42
5
81
7
83
36
4
92
58
41
30
54
33
85
54
30
12
15
4
35
84
27
28
14
50
10
31
83
60
47
25
7
67
80
27
74
54
69
0
8
19
94
99
27
92
98
82
2
6
11
61
59
69
48
40
76
14
41
48
70
80
14
91
20
6
65
95
17
34
68
100
70
7
90
63
57
92
73
65
95
70
80
22
55
27
58
4
5
74
86
1
51
87
50
10
13
8
53
29
15
14
65
75
84
19
94
22
14
19
68
31
37
35
59
67
40
25
24
51
46
51
88
20
81
90
51
51
92
14
3
41
97
8
96
17
81
88
6
96
72
18
50
82
78
57
15
36
38
78
2
68
92
41
69
12
55
81
56
54
61
86
56
11
47
84
32
47
23
58
76
54
14
58
44
55
72
7
55
19
69
34
87
48
40
24
55
81
69
19
10
27
66
17
0
17
59
24
8
62
96
60
12
2
28
29
3
47
69
86
1
75
32
4
9
20
13
73
94
12
11
44
89
67
97
52
74
10
0
28
10
39
11
82
31
81
81
87
73
10
14
72
10
40
64
50
60
27
82
93
42
0
48
48
78
72
82
90
40
3
38
77
63
57
27
85
25
4
1
69
80
35
21
23
12
12
78
40
29
88
35
58
40
42
89
100
10
82
52
7
68
36
65
59
75
30
23
91
90
7
21
97
48
49
68
15
2
93
36
62
20
62
98
81
0
33
79
49
57
90
59
67
69
91
51
39
89
78
1
12
59
78
18
42
36
58
37
93
42
2
71
18
59
21
35
88
48
21
35
32
23
58
72
97
0
78
82
7
9
94
95
61
43
36
95
85
18
4
7
75
68
42
4
27
39
26
59
53
59
91
72
18
75
92
35
39
30
98
92
90
25
88
15
55
71
51
57
55
20
47
31
43
42
30
37
12
89
30
78
13
94
6
65
15
4
73
56
89
97
91
0
22
78
42
17
91
66
29
35
52
5
5
23
51
10
88
77
39
52
26
77
92
7
65
19
60
49
33
61
82
60
8
91
37
22
34
26
20
57
10
6
73
79
83
88
2
6
52
98
46
29
11
64
49
2
47
97
67
14
10
92
42
40
33
59
59
46
22
69
30
98
47
68
35
30
82
28
54
37
76
51
72
39
61
89
90
43
54
83
10
3
52
44
0
25
80
97
75
19
81
96
45
5
89
82
78
13
2
67
90
40
1
65
45
32
20
0
70
60
65
35
58
91
81
92
12
15
33
90
45
7
64
54
57
44
28
97
71
37
61
66
9
23
65
95
19
90
15
93
3
62
43
12
79
42
86
30
70
36
60
89
94
89
98
4
42
87
14
24
6
4
99
33
13
86
23
44
72
11
37
69
9
11
37
31
3
39
6
85
97
36
43
95
18
61
22
72
52
61
10
65
19
81
7
16
27
78
53
40
30
92
95
24
19
15
27
95
18
68
48
19
78
72
76
53
83
3
12
46
6
12
56
35
55
65
89
86
16
33
13
14
28
29
33
93
22
28
20
74
46
84
61
79
73
25
60
87
97
41
33
57
35
28
31
53
85
31
10
17
55
93
70
94
27
49
80
92
74
7
61
5
37
53
13
27
23
45
66
84
75
37
27
89
31
58
77
14
85
54
91
6
85
61
51
82
88
25
50
90
14
80
62
57
13
31
25
81
6
33
15
22
97
44
36
26
20
86
37
32
27
30
66
23
3
26
61
45
19
21
93
29
27
44
8
79
91
71
73
47
99
67
28
17
90
45
76
12
58
89
75
86
76
30
57
9
76
17
26
86
82
61
31
39
9
24
7
78
9
64
73
100
31
82
55
76
28
53
11
27
66
85
76
24
17
38
88
84
6
15
3
17
6
90
54
16
0
12
98
16
27
9
29
33
39
19
58
23
76
78
96
93
20
84
28
49
8
81
27
10
72
9
22
47
15
25
48
44
74
87
89
24
84
62
84
0
44
73
35
21
26
32
99
32
63
37
2
94
82
17
16
67
46
5
48
55
79
68
0
93
92
14
70
7
31
51
53
41
59
67
81
52
51
81
45
27
63
52
11
16
64
87
34
37
100
92
22
25
83
37
61
15
54
73
18
67
77
88
100
28
21
2
56
23
92
73
71
16
5
49
82
62
40
93
25
38
68
95
42
35
89
31
10
5