80
86
94
28
64
56
5
18
14
20
14
27
20
30
71
74
29
89
92
17
95
53
74
73
49
27
40
38
57
15
97
5
66
97
6
11
21
39
12
77
69
77
88
41
9
40
62
63
50
42
81
28
12
8
16
46
94
6
82
30
91
22
89
6
97
11
73
85
72
77
9
66
7
24
30
77
39
2
55
45
30
41
65
36
33
45
24
36
67
95
56
81
30
45
55
15
58
33
49
98
55
89
33
16
28
8
67
86
77
71
77
69
17
73
93
97
90
18
94
12
24
88
59
97
77
87
74
99
71
71
92
48
21
41
44
86
49
8
6
81
26
4
64
37
11
84
92
100
85
30
20
22
46
85
15
43
21
58
22
91
94
63
31
35
31
4
34
71
6
3
10
90
80
30
44
99
25
88
2
80
9
97
92
44
38
66
66
24
1
46
95
47
82
0
24
79
25
19
65
6
3
17
23
42
2
76
20
22
79
9
51
4
71
84
33
86
55
9
28
81
2
20
68
1
59
91
80
3
16
2
93
72
48
2
95
43
36
58
89
61
57
53
29
67
53
82
10
51
85
35
54
92
83
91
65
100
54
84
70
34
7
75
97
82
40
2
8
61
37
71
99
59
53
67
31
28
93
84
70
9
94
65
4
36
14
33
52
64
11
34
8
56
46
98
78
95
64
1
30
72
32
49
94
56
35
11
46
19
26
17
68
47
63
63
85
30
20
87
9
70
20
51
54
48
94
88
93
20
25
45
97
93
78
0
87
66
85
17
3
13
88
78
20
67
51
8
77
29
54
23
22
14
35
36
31
9
27
2
64
11
17
72
14
69
92
28
8
24
36
5
56
33
87
45
87
94
13
87
95
31
20
18
37
9
14
6
30
29
22
55
43
49
5
46
55
60
24
70
95
92
27
32
58
90
9
25
7
42
97
75
97
11
13
50
27
18
46
94
88
69
8
79
69
35
77
3
52
72
94
40
55
30
20
5
1
86
10
71
81
35
94
99
40
100
63
4
59
68
37
69
85
77
63
11
79
74
20
82
61
22
28
38
71
46
29
4
63
59
94
56
89
85
99
26
49
86
72
62
62
90
0
29
20
20
62
11
24
73
60
51
97
49
72
56
21
67
25
91
21
47